[[5.6500004e+01 5.8500004e+01 9.2174591e+01 ... 3.9607392e+07
  4.2709256e+02 9.6133263e+01]
 [5.6500004e+01 5.8500004e+01 9.2174591e+01 ... 3.9607392e+07
  4.2709579e+02 9.6133263e+01]
 [5.6500004e+01 5.8500004e+01 1.1500001e+02 ... 7.6250153e+01
  1.0166668e+02 3.0500003e+02]
 ...
 [3.2809760e+02 3.2951178e+02 3.4943169e+01 ... 1.7819078e+01
  1.9233295e+01 1.4613537e+01]
 [2.3200002e+02 2.3200002e+02 3.6167782e+01 ... 8.3438606e+01
  2.1265806e+01 1.6122023e+01]
 [6.2681126e+01 6.4345230e+01 5.9087898e+01 ... 2.0579823e+01
  3.7314880e+01 1.4087227e+01]]